Mach,alpha,cr,ci,omega_i,delta_kappa,delta_q,residual_norm,accepted,parameterization,settings_name,spectral_extent,matching_y,max_step,rtol,atol,optimizer_success,optimizer_status,optimizer_message,optimizer_nfev,objective_calls,integration_failures,active_lower_ci,active_upper_ci,ci_lower,ci_upper,seed_cr,seed_ci,attempt_timestamp,purpose,source_path,source_Mach,source_alpha,source_cr,source_ci,mach_distance,anchor_score,direction,is_target,status,requested_alpha,seed_alpha,alpha_step,anchor_source_path,anchor_source_Mach,anchor_source_alpha,neutral_alpha_estimate,neutral_fit_r2,timestamp,trial_alpha,trial_step,mach_directory,mode_status,mode_gamma_mismatch_at_match,mode_numerical_extent,mode_tail_tolerance,mode_far_left,mode_far_right,mode_mu_left,mode_mu_right,mode_n_coordinates,mode_available,freeze_id,reference_status,reference_subset,reference_source_path,neutral_alpha_lower,neutral_alpha_upper,neutral_alpha_uncertainty,neutral_last_positive_ci,neutral_estimate_method,final_reference_id,_id_key,alpha_neutral_used,alpha_neutral_uncertainty_used,alpha_neutral_source,s,mach_split,is_spectral_anchor,anchor_rank,usable_as_training_anchor
1.25,0.05,0.1201816977923283,0.124879699478062,0.0062439849739031,2.5662142376370323e-10,-1.012692707469398e-10,2.7588044572264835e-10,True,log_ci,nominal,20.0,1.0,0.5,1e-09,1e-11,True,1.0,`gtol` termination condition is satisfied.,3,16,0,False,False,0.001249420394569,0.2,0.1214177717563611,0.1249420394569006,2026-07-23T11:41:09.547854+00:00,continuation,,,,,,,,low,True,converged,0.05,0.055,-0.0049999999999999,/lustre/fswork/projects/rech/fdb/usv13rn/These_PINN_KH_RT/classic_supersonic/data/spectral/supersonic_primary_modal_spectral_133pts.csv,1.2,0.1875,,,2026-07-23T11:41:09.560425+00:00,0.05,-0.0049999999999999,M1p250000,converged,2.4519738429227846e-10,40.0,1e-06,-1255.0614769150843,864.0491353087372,0.0110128635961004,0.0160057278601804,3801.0,True,dense_kappa_q_campaign_v1_FINAL_FREEZE,retained_classical_supersonic,base_dense_campaign,/lustre/fswork/projects/rech/fdb/usv13rn/These_PINN_KH_RT/assets/classic_supersonic/dense_kappa_q_campaign_v1_FINAL_FREEZE/classical_supersonic_maps/classical_supersonic_dense_reference.csv,,,,,,M1.250000_a0.05000000,M1.250000_a0.05000000,0.315,,max_available_alpha_proxy,0.1587301587301587,test,False,,False
1.25,0.055,0.1315006710691934,0.1227178308038424,0.0067494806942113,1.1139267459825407e-10,-4.124784021286576e-11,1.1878430989141044e-10,True,log_ci,nominal,20.0,1.0,0.5,1e-09,1e-11,True,1.0,`gtol` termination condition is satisfied.,3,16,0,False,False,0.0012277919998149,0.2,0.1324720136049728,0.122779199981498,2026-07-23T11:41:09.020711+00:00,continuation,,,,,,,,low,True,converged,0.055,0.06,-0.0049999999999999,/lustre/fswork/projects/rech/fdb/usv13rn/These_PINN_KH_RT/classic_supersonic/data/spectral/supersonic_primary_modal_spectral_133pts.csv,1.2,0.1875,,,2026-07-23T11:41:09.058442+00:00,0.055,-0.0049999999999999,M1p250000,converged,9.797295672924536e-11,40.0,1e-06,-1171.5328938323764,771.8196957049947,0.0117982914745065,0.017920874656495,3801.0,True,dense_kappa_q_campaign_v1_FINAL_FREEZE,retained_classical_supersonic,base_dense_campaign,/lustre/fswork/projects/rech/fdb/usv13rn/These_PINN_KH_RT/assets/classic_supersonic/dense_kappa_q_campaign_v1_FINAL_FREEZE/classical_supersonic_maps/classical_supersonic_dense_reference.csv,,,,,,M1.250000_a0.05500000,M1.250000_a0.05500000,0.315,,max_available_alpha_proxy,0.1746031746031746,test,False,,False
1.25,0.06,0.1415835703820256,0.1205332173435139,0.0072319930406108,5.4662739612520994e-11,-1.883650353751154e-11,5.781720304083342e-11,True,log_ci,nominal,20.0,1.0,0.5,1e-09,1e-11,True,1.0,`gtol` termination condition is satisfied.,3,16,0,False,False,0.0012059393050099,0.2,0.142373518899091,0.1205939305009944,2026-07-23T11:41:08.492327+00:00,continuation,,,,,,,,low,True,converged,0.06,0.065,-0.005,/lustre/fswork/projects/rech/fdb/usv13rn/These_PINN_KH_RT/classic_supersonic/data/spectral/supersonic_primary_modal_spectral_133pts.csv,1.2,0.1875,,,2026-07-23T11:41:08.505116+00:00,0.06,-0.005,M1p250000,converged,5.360240199137137e-11,40.0,1e-06,-1101.7736766312655,696.2357975795478,0.0125455232899172,0.0198692491644564,3801.0,True,dense_kappa_q_campaign_v1_FINAL_FREEZE,retained_classical_supersonic,base_dense_campaign,/lustre/fswork/projects/rech/fdb/usv13rn/These_PINN_KH_RT/assets/classic_supersonic/dense_kappa_q_campaign_v1_FINAL_FREEZE/classical_supersonic_maps/classical_supersonic_dense_reference.csv,,,,,,M1.250000_a0.06000000,M1.250000_a0.06000000,0.315,,max_available_alpha_proxy,0.1904761904761904,test,False,,False
1.25,0.065,0.1506951271590784,0.1183283201500585,0.0076913408097538,2.9290229963674363e-11,-9.312070212152967e-12,3.073486982176749e-11,True,log_ci,nominal,20.0,1.0,0.5,1e-09,1e-11,True,1.0,`gtol` termination condition is satisfied.,3,16,0,False,False,0.0011838864423711,0.2,0.1513540604707352,0.1183886442371151,2026-07-23T11:41:07.991549+00:00,continuation,,,,,,,,low,True,converged,0.065,0.07,-0.005,/lustre/fswork/projects/rech/fdb/usv13rn/These_PINN_KH_RT/classic_supersonic/data/spectral/supersonic_primary_modal_spectral_133pts.csv,1.2,0.1875,,,2026-07-23T11:41:08.005082+00:00,0.065,-0.005,M1p250000,converged,3.2835695364755886e-11,40.0,1e-06,-1042.8959409634276,633.1908552056391,0.013254000937753,0.0218508055740476,3801.0,True,dense_kappa_q_campaign_v1_FINAL_FREEZE,retained_classical_supersonic,base_dense_campaign,/lustre/fswork/projects/rech/fdb/usv13rn/These_PINN_KH_RT/assets/classic_supersonic/dense_kappa_q_campaign_v1_FINAL_FREEZE/classical_supersonic_maps/classical_supersonic_dense_reference.csv,,,,,,M1.250000_a0.06500000,M1.250000_a0.06500000,0.315,,max_available_alpha_proxy,0.2063492063492063,test,False,,False
1.25,0.07,0.1590167354190658,0.1161052740495865,0.008127369183471,1.6752866455194138e-11,-4.872293540847394e-12,1.7446999134915786e-11,True,log_ci,nominal,20.0,1.0,0.5,1e-09,1e-11,True,1.0,`gtol` termination condition is satisfied.,3,16,0,False,False,0.0011616544303787,0.2,0.1595772090904242,0.1161654430378705,2026-07-23T11:41:07.479826+00:00,continuation,,,,,,,,low,True,converged,0.07,0.075,-0.0049999999999999,/lustre/fswork/projects/rech/fdb/usv13rn/These_PINN_KH_RT/classic_supersonic/data/spectral/supersonic_primary_modal_spectral_133pts.csv,1.2,0.1875,,,2026-07-23T11:41:07.492852+00:00,0.07,-0.0049999999999999,M1p250000,converged,2.2102413261238908e-11,40.0,1e-06,-992.763932359682,579.8310046995977,0.0139234868149075,0.0238652723098248,3801.0,True,dense_kappa_q_campaign_v1_FINAL_FREEZE,retained_classical_supersonic,base_dense_campaign,/lustre/fswork/projects/rech/fdb/usv13rn/These_PINN_KH_RT/assets/classic_supersonic/dense_kappa_q_campaign_v1_FINAL_FREEZE/classical_supersonic_maps/classical_supersonic_dense_reference.csv,,,,,,M1.250000_a0.07000000,M1.250000_a0.07000000,0.315,,max_available_alpha_proxy,0.2222222222222222,test,False,,False
1.25,0.075,0.1666794103673964,0.1138659433849943,0.0085399457538745,1.0072526146487348e-11,-2.653505887240115e-12,1.0416183392456623e-11,True,log_ci,nominal,20.0,1.0,0.5,1e-09,1e-11,True,1.0,`gtol` termination condition is satisfied.,3,16,0,False,False,0.0011392616271109,0.2,0.1671635585805836,0.1139261627110906,2026-07-23T11:41:06.969121+00:00,continuation,,,,,,,,low,True,converged,0.075,0.08,-0.005,/lustre/fswork/projects/rech/fdb/usv13rn/These_PINN_KH_RT/classic_supersonic/data/spectral/supersonic_primary_modal_spectral_133pts.csv,1.2,0.1875,,,2026-07-23T11:41:06.983018+00:00,0.075,-0.005,M1p250000,converged,1.808341408155036e-11,40.0,1e-06,-949.7730865007914,534.1079905101046,0.0145539021108672,0.0259122989784296,3801.0,True,dense_kappa_q_campaign_v1_FINAL_FREEZE,retained_classical_supersonic,base_dense_campaign,/lustre/fswork/projects/rech/fdb/usv13rn/These_PINN_KH_RT/assets/classic_supersonic/dense_kappa_q_campaign_v1_FINAL_FREEZE/classical_supersonic_maps/classical_supersonic_dense_reference.csv,,,,,,M1.250000_a0.07500000,M1.250000_a0.07500000,0.315,,max_available_alpha_proxy,0.238095238095238,test,True,1.0,False
1.25,0.08,0.1737816116443685,0.1116119624209407,0.0089289569936752,6.295165777547851e-12,-1.4864359743071986e-12,6.468276746748258e-12,True,log_ci,nominal,20.0,1.0,0.5,1e-09,1e-11,True,1.0,`gtol` termination condition is satisfied.,3,16,0,False,False,0.0011167241535221,0.2,0.1742051003929403,0.1116724153522117,2026-07-23T11:41:06.460550+00:00,continuation,,,,,,,,low,True,converged,0.08,0.085,-0.005,/lustre/fswork/projects/rech/fdb/usv13rn/These_PINN_KH_RT/classic_supersonic/data/spectral/supersonic_primary_modal_spectral_133pts.csv,1.2,0.1875,,,2026-07-23T11:41:06.473514+00:00,0.08,-0.005,M1p250000,converged,1.6206067081047498e-11,40.0,1e-06,-912.6988066361748,494.512359018006,0.0151452502150652,0.0279915194999813,3801.0,True,dense_kappa_q_campaign_v1_FINAL_FREEZE,retained_classical_supersonic,base_dense_campaign,/lustre/fswork/projects/rech/fdb/usv13rn/These_PINN_KH_RT/assets/classic_supersonic/dense_kappa_q_campaign_v1_FINAL_FREEZE/classical_supersonic_maps/classical_supersonic_dense_reference.csv,,,,,,M1.250000_a0.08000000,M1.250000_a0.08000000,0.315,,max_available_alpha_proxy,0.2539682539682539,test,False,,False
1.25,0.085,0.1803996647081534,0.1093447708499076,0.0092943055222421,4.05753208809756e-12,-8.472667012426882e-13,4.145048553271241e-12,True,log_ci,nominal,20.0,1.0,0.5,1e-09,1e-11,True,1.0,`gtol` termination condition is satisfied.,3,16,0,False,False,0.0010940562317494,0.2,0.1807739488317144,0.1094056231749467,2026-07-23T11:41:05.946372+00:00,continuation,,,,,,,,low,True,converged,0.085,0.09,-0.0049999999999999,/lustre/fswork/projects/rech/fdb/usv13rn/These_PINN_KH_RT/classic_supersonic/data/spectral/supersonic_primary_modal_spectral_133pts.csv,1.2,0.1875,,,2026-07-23T11:41:05.961405+00:00,0.085,-0.0049999999999999,M1p250000,converged,1.429881855586868e-11,40.0,1e-06,-880.5929299268132,459.9067822322739,0.0156975781557742,0.0301025802681408,3801.0,True,dense_kappa_q_campaign_v1_FINAL_FREEZE,retained_classical_supersonic,base_dense_campaign,/lustre/fswork/projects/rech/fdb/usv13rn/These_PINN_KH_RT/assets/classic_supersonic/dense_kappa_q_campaign_v1_FINAL_FREEZE/classical_supersonic_maps/classical_supersonic_dense_reference.csv,,,,,,M1.250000_a0.08500000,M1.250000_a0.08500000,0.315,,max_available_alpha_proxy,0.2698412698412699,test,False,,False
1.25,0.09,0.1865942290233666,0.1070656426164781,0.009635907835483,2.680317773284813e-12,-4.877452608464949e-13,2.724334561918685e-12,True,log_ci,nominal,20.0,1.0,0.5,1e-09,1e-11,True,1.0,`gtol` termination condition is satisfied.,3,16,0,False,False,0.0010712704662924,0.2,0.1869279131885857,0.1071270466292427,2026-07-23T11:41:05.436317+00:00,continuation,,,,,,,,low,True,converged,0.09,0.095,-0.005,/lustre/fswork/projects/rech/fdb/usv13rn/These_PINN_KH_RT/classic_supersonic/data/spectral/supersonic_primary_modal_spectral_133pts.csv,1.2,0.1875,,,2026-07-23T11:41:05.448990+00:00,0.09,-0.005,M1p250000,converged,1.253688640053228e-11,40.0,1e-06,-852.7122528486989,429.4181044818283,0.0162109560868386,0.0322451519180469,3801.0,True,dense_kappa_q_campaign_v1_FINAL_FREEZE,retained_classical_supersonic,base_dense_campaign,/lustre/fswork/projects/rech/fdb/usv13rn/These_PINN_KH_RT/assets/classic_supersonic/dense_kappa_q_campaign_v1_FINAL_FREEZE/classical_supersonic_maps/classical_supersonic_dense_reference.csv,,,,,,M1.250000_a0.09000000,M1.250000_a0.09000000,0.315,,max_available_alpha_proxy,0.2857142857142857,test,False,,False
1.25,0.095,0.1924145092150188,0.1047757098421646,0.0099536924350056,1.8060622442028773e-12,-2.8098010029786735e-13,1.827788457863364e-12,True,log_ci,nominal,20.0,1.0,0.5,1e-09,1e-11,True,1.0,`gtol` termination condition is satisfied.,3,16,0,False,False,0.0010483780696579,0.2,0.1927142049608621,0.1048378069657917,2026-07-23T11:41:04.919281+00:00,continuation,,,,,,,,low,True,converged,0.095,0.1,-0.005,/lustre/fswork/projects/rech/fdb/usv13rn/These_PINN_KH_RT/classic_supersonic/data/spectral/supersonic_primary_modal_spectral_133pts.csv,1.2,0.1875,,,2026-07-23T11:41:04.932322+00:00,0.095,-0.005,M1p250000,converged,1.3099635684772264e-11,40.0,1e-06,-828.4674815824238,402.3647202787808,0.016685466013303,0.0344189333419689,3801.0,True,dense_kappa_q_campaign_v1_FINAL_FREEZE,retained_classical_supersonic,base_dense_campaign,/lustre/fswork/projects/rech/fdb/usv13rn/These_PINN_KH_RT/assets/classic_supersonic/dense_kappa_q_campaign_v1_FINAL_FREEZE/classical_supersonic_maps/classical_supersonic_dense_reference.csv,,,,,,M1.250000_a0.09500000,M1.250000_a0.09500000,0.315,,max_available_alpha_proxy,0.3015873015873015,test,False,,False
1.25,0.1,0.1979011052414519,0.1024759826612526,0.0102475982661252,1.237412949883776e-12,-1.602711019454972e-13,1.24774902711198e-12,True,log_ci,nominal,20.0,1.0,0.5,1e-09,1e-11,True,1.0,`gtol` termination condition is satisfied.,3,16,0,False,False,0.0010253890720232,0.2,0.1981719920494352,0.1025389072023277,2026-07-23T11:41:04.406189+00:00,continuation,,,,,,,,low,True,converged,0.1,0.105,-0.0049999999999999,/lustre/fswork/projects/rech/fdb/usv13rn/These_PINN_KH_RT/classic_supersonic/data/spectral/supersonic_primary_modal_spectral_133pts.csv,1.2,0.1875,,,2026-07-23T11:41:04.419237+00:00,0.1,-0.0049999999999999,M1p250000,converged,2.9335174037090176e-11,40.0,1e-06,-807.3870685264461,378.2068625699705,0.0171211954537744,0.03662365187928,3801.0,True,dense_kappa_q_campaign_v1_FINAL_FREEZE,retained_classical_supersonic,base_dense_campaign,/lustre/fswork/projects/rech/fdb/usv13rn/These_PINN_KH_RT/assets/classic_supersonic/dense_kappa_q_campaign_v1_FINAL_FREEZE/classical_supersonic_maps/classical_supersonic_dense_reference.csv,,,,,,M1.250000_a0.10000000,M1.250000_a0.10000000,0.315,,max_available_alpha_proxy,0.3174603174603175,test,False,,False
1.25,0.105,0.2030880055220416,0.1001673663949867,0.0105175734714736,8.59229354333025e-13,-9.001480116843653e-14,8.63931564290216e-13,True,log_ci,nominal,20.0,1.0,0.5,1e-09,1e-11,True,1.0,`gtol` termination condition is satisfied.,3,16,0,False,False,0.0010023124680668,0.2,0.2033342094378873,0.1002312468066833,2026-07-23T11:41:03.895308+00:00,continuation,,,,,,,,low,True,converged,0.105,0.11,-0.005,/lustre/fswork/projects/rech/fdb/usv13rn/These_PINN_KH_RT/classic_supersonic/data/spectral/supersonic_primary_modal_spectral_133pts.csv,1.2,0.1875,,,2026-07-23T11:41:03.908088+00:00,0.105,-0.005,M1p250000,converged,4.334263622504272e-11,40.0,1e-06,-789.0908860356518,356.5116092389484,0.0175182339494739,0.0388590618857031,3801.0,True,dense_kappa_q_campaign_v1_FINAL_FREEZE,retained_classical_supersonic,base_dense_campaign,/lustre/fswork/projects/rech/fdb/usv13rn/These_PINN_KH_RT/assets/classic_supersonic/dense_kappa_q_campaign_v1_FINAL_FREEZE/classical_supersonic_maps/classical_supersonic_dense_reference.csv,,,,,,M1.250000_a0.10500000,M1.250000_a0.10500000,0.315,,max_available_alpha_proxy,0.3333333333333333,test,False,,False
1.25,0.11,0.208004018994648,0.0978506750682412,0.0107635742575065,6.006202479813538e-13,-4.7132436842289855e-14,6.02466720149649e-13,True,log_ci,nominal,20.0,1.0,0.5,1e-09,1e-11,True,1.0,`gtol` termination condition is satisfied.,3,16,0,False,False,0.0009791563670024,0.2,0.2082288748902074,0.0979156367002414,2026-07-23T11:41:03.380428+00:00,continuation,,,,,,,,low,True,converged,0.11,0.115,-0.005,/lustre/fswork/projects/rech/fdb/usv13rn/These_PINN_KH_RT/classic_supersonic/data/spectral/supersonic_primary_modal_spectral_133pts.csv,1.2,0.1875,,,2026-07-23T11:41:03.393056+00:00,0.11,-0.005,M1p250000,converged,6.06282946646506e-11,40.0,1e-06,-773.2708388367581,336.9277682423501,0.0178766709954362,0.0411249422989827,3801.0,True,dense_kappa_q_campaign_v1_FINAL_FREEZE,retained_classical_supersonic,base_dense_campaign,/lustre/fswork/projects/rech/fdb/usv13rn/These_PINN_KH_RT/assets/classic_supersonic/dense_kappa_q_campaign_v1_FINAL_FREEZE/classical_supersonic_maps/classical_supersonic_dense_reference.csv,,,,,,M1.250000_a0.11000000,M1.250000_a0.11000000,0.315,,max_available_alpha_proxy,0.3492063492063492,test,False,,False
1.25,0.115,0.2126738285514086,0.0955266437997865,0.0109855640369754,4.284003707333284e-13,-2.4237556406347952e-14,4.2908546559514723e-13,True,log_ci,nominal,20.0,1.0,0.5,1e-09,1e-11,True,1.0,`gtol` termination condition is satisfied.,3,16,0,False,False,0.0009559281027709,0.2,0.2128800667473238,0.095592810277098,2026-07-23T11:41:02.853720+00:00,continuation,,,,,,,,low,True,converged,0.115,0.12,-0.0049999999999999,/lustre/fswork/projects/rech/fdb/usv13rn/These_PINN_KH_RT/classic_supersonic/data/spectral/supersonic_primary_modal_spectral_133pts.csv,1.2,0.1875,,,2026-07-23T11:41:02.865510+00:00,0.115,-0.0049999999999999,M1p250000,converged,7.521691212556678e-11,40.0,1e-06,-759.6762282682623,319.16745213511507,0.0181965950709046,0.0434210941215163,3801.0,True,dense_kappa_q_campaign_v1_FINAL_FREEZE,retained_classical_supersonic,base_dense_campaign,/lustre/fswork/projects/rech/fdb/usv13rn/These_PINN_KH_RT/assets/classic_supersonic/dense_kappa_q_campaign_v1_FINAL_FREEZE/classical_supersonic_maps/classical_supersonic_dense_reference.csv,,,,,,M1.250000_a0.11500000,M1.250000_a0.11500000,0.315,,max_available_alpha_proxy,0.3650793650793651,test,False,,False
1.25,0.12,0.2171187822126098,0.0931959386996336,0.011183512643956,3.16097842345542e-13,-1.4186568586538328e-14,3.164160309841579e-13,True,log_ci,nominal,20.0,1.0,0.5,1e-09,1e-11,True,1.0,`gtol` termination condition is satisfied.,3,16,0,False,False,0.0009326343388214,0.2,0.2173086645129779,0.0932634338821487,2026-07-23T11:41:02.345493+00:00,continuation,,,,,,,,low,True,converged,0.12,0.125,-0.005,/lustre/fswork/projects/rech/fdb/usv13rn/These_PINN_KH_RT/classic_supersonic/data/spectral/supersonic_primary_modal_spectral_133pts.csv,1.2,0.1875,,,2026-07-23T11:41:02.358240+00:00,0.12,-0.005,M1p250000,converged,7.651984972441978e-11,40.0,1e-06,-748.1030095504549,302.9925251387343,0.018478093103246,0.045747337819212,3801.0,True,dense_kappa_q_campaign_v1_FINAL_FREEZE,retained_classical_supersonic,base_dense_campaign,/lustre/fswork/projects/rech/fdb/usv13rn/These_PINN_KH_RT/assets/classic_supersonic/dense_kappa_q_campaign_v1_FINAL_FREEZE/classical_supersonic_maps/classical_supersonic_dense_reference.csv,,,,,,M1.250000_a0.12000000,M1.250000_a0.12000000,0.315,,max_available_alpha_proxy,0.3809523809523809,test,False,,False
1.25,0.125,0.2213574976778959,0.0908591657147537,0.0113573957143442,2.312594560294201e-13,-7.528699885739343e-16,2.312606815181582e-13,True,log_ci,nominal,20.0,1.0,0.5,1e-09,1e-11,True,1.0,`gtol` termination condition is satisfied.,3,16,0,False,False,0.0009092811505851,0.2,0.2215329147786415,0.0909281150585125,2026-07-23T11:41:01.831540+00:00,continuation,,,,,,,,low,True,converged,0.125,0.13,-0.005,/lustre/fswork/projects/rech/fdb/usv13rn/These_PINN_KH_RT/classic_supersonic/data/spectral/supersonic_primary_modal_spectral_133pts.csv,1.2,0.1875,,,2026-07-23T11:41:01.843892+00:00,0.125,-0.005,M1p250000,converged,3.3933000647789254e-11,40.0,1e-06,-738.3853162717558,288.20426211369414,0.0187212503432919,0.0481035109155997,3801.0,True,dense_kappa_q_campaign_v1_FINAL_FREEZE,retained_classical_supersonic,base_dense_campaign,/lustre/fswork/projects/rech/fdb/usv13rn/These_PINN_KH_RT/assets/classic_supersonic/dense_kappa_q_campaign_v1_FINAL_FREEZE/classical_supersonic_maps/classical_supersonic_dense_reference.csv,,,,,,M1.250000_a0.12500000,M1.250000_a0.12500000,0.315,,max_available_alpha_proxy,0.3968253968253968,test,False,,False
1.25,0.13,0.2254063308428138,0.0885168779525414,0.0115071941338303,1.6068743557973164e-13,1.5785983631388945e-15,1.6069518949235077e-13,True,log_ci,nominal,20.0,1.0,0.5,1e-09,1e-11,True,1.0,`gtol` termination condition is satisfied.,3,16,0,False,False,0.0008858741017271,0.2,0.2255688791428625,0.0885874101727104,2026-07-23T11:41:01.320160+00:00,continuation,,,,,,,,low,True,converged,0.13,0.135,-0.005,/lustre/fswork/projects/rech/fdb/usv13rn/These_PINN_KH_RT/classic_supersonic/data/spectral/supersonic_primary_modal_spectral_133pts.csv,1.2,0.1875,,,2026-07-23T11:41:01.332074+00:00,0.13,-0.005,M1p250000,converged,3.7796443003448416e-11,40.0,1e-06,-730.389450592844,274.63564817938266,0.0189261503980482,0.0504894655066998,3801.0,True,dense_kappa_q_campaign_v1_FINAL_FREEZE,retained_classical_supersonic,base_dense_campaign,/lustre/fswork/projects/rech/fdb/usv13rn/These_PINN_KH_RT/assets/classic_supersonic/dense_kappa_q_campaign_v1_FINAL_FREEZE/classical_supersonic_maps/classical_supersonic_dense_reference.csv,,,,,,M1.250000_a0.13000000,M1.250000_a0.13000000,0.315,,max_available_alpha_proxy,0.4126984126984127,test,False,,False
1.25,0.135,0.2292797469069861,0.0861695821740407,0.0116328935934955,1.1773915176149785e-13,3.580469254416131e-15,1.1779358054494669e-13,True,log_ci,nominal,20.0,1.0,0.5,1e-09,1e-11,True,1.0,`gtol` termination condition is satisfied.,3,16,0,False,False,0.0008624183096379,0.2,0.2294307861874753,0.0862418309637945,2026-07-23T11:41:00.810178+00:00,continuation,,,,,,,,low,True,converged,0.135,0.14,-0.005,/lustre/fswork/projects/rech/fdb/usv13rn/These_PINN_KH_RT/classic_supersonic/data/spectral/supersonic_primary_modal_spectral_133pts.csv,1.2,0.1875,,,2026-07-23T11:41:00.821822+00:00,0.135,-0.005,M1p250000,converged,7.535639002642199e-11,40.0,1e-06,-724.0088139819649,262.1452356214855,0.0190928753955296,0.0529050665855442,3801.0,True,dense_kappa_q_campaign_v1_FINAL_FREEZE,retained_classical_supersonic,base_dense_campaign,/lustre/fswork/projects/rech/fdb/usv13rn/These_PINN_KH_RT/assets/classic_supersonic/dense_kappa_q_campaign_v1_FINAL_FREEZE/classical_supersonic_maps/classical_supersonic_dense_reference.csv,,,,,,M1.250000_a0.13500000,M1.250000_a0.13500000,0.315,,max_available_alpha_proxy,0.4285714285714286,test,False,,False
1.25,0.14,0.2329906146711097,0.0838177442773477,0.0117344841988286,8.05397415426512e-14,5.171210681886862e-15,8.070558461267424e-14,True,log_ci,nominal,20.0,1.0,0.5,1e-09,1e-11,True,1.0,`gtol` termination condition is satisfied.,3,16,0,False,False,0.0008389184953902,0.2,0.2331313105185937,0.0838918495390293,2026-07-23T11:41:00.305255+00:00,continuation,,,,,,,,low,True,converged,0.14,0.145,-0.0049999999999999,/lustre/fswork/projects/rech/fdb/usv13rn/These_PINN_KH_RT/classic_supersonic/data/spectral/supersonic_primary_modal_spectral_133pts.csv,1.2,0.1875,,,2026-07-23T11:41:00.316687+00:00,0.14,-0.0049999999999999,M1p250000,converged,7.017067348777468e-11,40.0,1e-06,-719.1603020028643,250.6124599436746,0.0192215062121583,0.0553501901703267,3801.0,True,dense_kappa_q_campaign_v1_FINAL_FREEZE,retained_classical_supersonic,base_dense_campaign,/lustre/fswork/projects/rech/fdb/usv13rn/These_PINN_KH_RT/assets/classic_supersonic/dense_kappa_q_campaign_v1_FINAL_FREEZE/classical_supersonic_maps/classical_supersonic_dense_reference.csv,,,,,,M1.250000_a0.14000000,M1.250000_a0.14000000,0.315,,max_available_alpha_proxy,0.4444444444444445,test,False,,False
1.25,0.145,0.2365504431547441,0.0814617938560722,0.0118119601091304,6.46774300783193e-14,4.461708780212348e-15,6.483114071783175e-14,True,log_ci,nominal,20.0,1.0,0.5,1e-09,1e-11,True,1.0,`gtol` termination condition is satisfied.,3,16,0,False,False,0.0008153790350007,0.2,0.2366818017317207,0.0815379035000796,2026-07-23T11:40:59.793861+00:00,continuation,,,,,,,,low,True,converged,0.145,0.15,-0.005,/lustre/fswork/projects/rech/fdb/usv13rn/These_PINN_KH_RT/classic_supersonic/data/spectral/supersonic_primary_modal_spectral_133pts.csv,1.2,0.1875,,,2026-07-23T11:40:59.805399+00:00,0.145,-0.005,M1p250000,converged,5.004933018538817e-11,40.0,1e-06,-715.7817168988802,239.93398499512995,0.019312122697458,0.0578247213803553,3801.0,True,dense_kappa_q_campaign_v1_FINAL_FREEZE,retained_classical_supersonic,base_dense_campaign,/lustre/fswork/projects/rech/fdb/usv13rn/These_PINN_KH_RT/assets/classic_supersonic/dense_kappa_q_campaign_v1_FINAL_FREEZE/classical_supersonic_maps/classical_supersonic_dense_reference.csv,,,,,,M1.250000_a0.14500000,M1.250000_a0.14500000,0.315,,max_available_alpha_proxy,0.4603174603174603,test,False,,False
1.25,0.15,0.2399695757908944,0.0791021284512497,0.0118653192676874,4.8711035205428743e-14,4.740999259844614e-15,4.8941209882535255e-14,True,log_ci,nominal,20.0,1.0,0.5,1e-09,1e-11,True,1.0,`gtol` termination condition is satisfied.,3,16,0,False,False,0.0007918040012166,0.2,0.2400924717472486,0.0791804001216666,2026-07-23T11:40:59.278151+00:00,continuation,,,,,,,,low,True,converged,0.15,0.155,-0.005,/lustre/fswork/projects/rech/fdb/usv13rn/These_PINN_KH_RT/classic_supersonic/data/spectral/supersonic_primary_modal_spectral_133pts.csv,1.2,0.1875,,,2026-07-23T11:40:59.291120+00:00,0.15,-0.005,M1p250000,converged,4.5904744516595195e-11,40.0,1e-06,-713.8296201845516,230.0206969981089,0.0193648039646903,0.060328553185947,3801.0,True,dense_kappa_q_campaign_v1_FINAL_FREEZE,retained_classical_supersonic,base_dense_campaign,/lustre/fswork/projects/rech/fdb/usv13rn/These_PINN_KH_RT/assets/classic_supersonic/dense_kappa_q_campaign_v1_FINAL_FREEZE/classical_supersonic_maps/classical_supersonic_dense_reference.csv,,,,,,M1.250000_a0.15000000,M1.250000_a0.15000000,0.315,,max_available_alpha_proxy,0.4761904761904761,test,False,,False
1.25,0.155,0.2432573498500682,0.0767391171090375,0.0118945631519008,3.653327640407157e-14,4.218847493575595e-15,3.6776065028634336e-14,True,log_ci,nominal,20.0,1.0,0.5,1e-09,1e-11,True,1.0,`gtol` termination condition is satisfied.,3,16,0,False,False,0.0007681972027547,0.2,0.2433725473033087,0.0768197202754725,2026-07-23T11:40:58.758282+00:00,continuation,,,,,,,,low,True,converged,0.155,0.16,-0.005,/lustre/fswork/projects/rech/fdb/usv13rn/These_PINN_KH_RT/classic_supersonic/data/spectral/supersonic_primary_modal_spectral_133pts.csv,1.2,0.1875,,,2026-07-23T11:40:58.770430+00:00,0.155,-0.005,M1p250000,converged,4.278280721369586e-11,40.0,1e-06,-713.2780531831017,220.7953707426255,0.0193796286539278,0.0628615852398475,3801.0,True,dense_kappa_q_campaign_v1_FINAL_FREEZE,retained_classical_supersonic,base_dense_campaign,/lustre/fswork/projects/rech/fdb/usv13rn/These_PINN_KH_RT/assets/classic_supersonic/dense_kappa_q_campaign_v1_FINAL_FREEZE/classical_supersonic_maps/classical_supersonic_dense_reference.csv,,,,,,M1.250000_a0.15500000,M1.250000_a0.15500000,0.315,,max_available_alpha_proxy,0.492063492063492,test,False,,False
1.25,0.16,0.2464222279528879,0.0743731035158428,0.0118996965625348,2.8088642523016464e-14,4.572731082674864e-15,2.8458420693008764e-14,True,log_ci,nominal,20.0,1.0,0.5,1e-09,1e-11,True,1.0,`gtol` termination condition is satisfied.,3,16,0,False,False,0.0007445622146591,0.2,0.2465303983487822,0.0744562214659118,2026-07-23T11:40:58.226960+00:00,continuation,,,,,,,,low,True,converged,0.16,0.165,-0.005,/lustre/fswork/projects/rech/fdb/usv13rn/These_PINN_KH_RT/classic_supersonic/data/spectral/supersonic_primary_modal_spectral_133pts.csv,1.2,0.1875,,,2026-07-23T11:40:58.239630+00:00,0.16,-0.005,M1p250000,converged,3.911624765903848e-11,40.0,1e-06,-714.1177013812304,212.19075382449964,0.0193566752053761,0.0654237226469178,3801.0,True,dense_kappa_q_campaign_v1_FINAL_FREEZE,retained_classical_supersonic,base_dense_campaign,/lustre/fswork/projects/rech/fdb/usv13rn/These_PINN_KH_RT/assets/classic_supersonic/dense_kappa_q_campaign_v1_FINAL_FREEZE/classical_supersonic_maps/classical_supersonic_dense_reference.csv,,,,,,M1.250000_a0.16000000,M1.250000_a0.16000000,0.315,,max_available_alpha_proxy,0.5079365079365079,test,True,2.0,False
1.25,0.165,0.249471908602467,0.072004408591219,0.0118807274175511,2.1656287874094463e-14,4.128641872824801e-15,2.2046325956941056e-14,True,log_ci,nominal,20.0,1.0,0.5,1e-09,1e-11,True,1.0,`gtol` termination condition is satisfied.,3,16,0,False,False,0.0007209024097379,0.2,0.2495736445434791,0.0720902409737948,2026-07-23T11:40:57.702302+00:00,continuation,,,,,,,,low,True,converged,0.165,0.17,-0.005,/lustre/fswork/projects/rech/fdb/usv13rn/These_PINN_KH_RT/classic_supersonic/data/spectral/supersonic_primary_modal_spectral_133pts.csv,1.2,0.1875,,,2026-07-23T11:40:57.715731+00:00,0.165,-0.005,M1p250000,converged,3.249508121819775e-11,40.0,1e-06,-716.3554236838083,204.14796832641105,0.0192960220751765,0.068014875046546,3801.0,True,dense_kappa_q_campaign_v1_FINAL_FREEZE,retained_classical_supersonic,base_dense_campaign,/lustre/fswork/projects/rech/fdb/usv13rn/These_PINN_KH_RT/assets/classic_supersonic/dense_kappa_q_campaign_v1_FINAL_FREEZE/classical_supersonic_maps/classical_supersonic_dense_reference.csv,,,,,,M1.250000_a0.16500000,M1.250000_a0.16500000,0.315,,max_available_alpha_proxy,0.5238095238095238,test,False,,False
1.25,0.17,0.2524134188561518,0.0696333329101972,0.0118376665947335,1.7860712908657206e-14,4.971717482149529e-15,1.8539769155191372e-14,True,log_ci,nominal,20.0,1.0,0.5,1e-09,1e-11,True,1.0,`gtol` termination condition is satisfied.,3,16,0,False,False,0.0006972209851473,0.2,0.2525092459990056,0.0697220985147384,2026-07-23T11:40:57.172662+00:00,continuation,,,,,,,,low,True,converged,0.17,0.175,-0.0049999999999999,/lustre/fswork/projects/rech/fdb/usv13rn/These_PINN_KH_RT/classic_supersonic/data/spectral/supersonic_primary_modal_spectral_133pts.csv,1.2,0.1875,,,2026-07-23T11:40:57.184518+00:00,0.17,-0.0049999999999999,M1p250000,converged,3.1649555332347286e-11,40.0,1e-06,-720.0149046666107,196.6153794678858,0.0191977479819456,0.0706349557277767,3801.0,True,dense_kappa_q_campaign_v1_FINAL_FREEZE,retained_classical_supersonic,base_dense_campaign,/lustre/fswork/projects/rech/fdb/usv13rn/These_PINN_KH_RT/assets/classic_supersonic/dense_kappa_q_campaign_v1_FINAL_FREEZE/classical_supersonic_maps/classical_supersonic_dense_reference.csv,,,,,,M1.250000_a0.17000000,M1.250000_a0.17000000,0.315,,max_available_alpha_proxy,0.5396825396825398,test,False,,False
1.25,0.175,0.2552531931688245,0.0672601587494335,0.0117705277811508,1.474514954580286e-14,6.271025365656158e-15,1.6023270398542032e-14,True,log_ci,nominal,20.0,1.0,0.5,1e-09,1e-11,True,1.0,`gtol` termination condition is satisfied.,3,16,0,False,False,0.0006735209885939,0.2,0.2553435797322652,0.0673520988593993,2026-07-23T11:40:56.635079+00:00,continuation,,,,,,,,low,True,converged,0.175,0.18,-0.005,/lustre/fswork/projects/rech/fdb/usv13rn/These_PINN_KH_RT/classic_supersonic/data/spectral/supersonic_primary_modal_spectral_133pts.csv,1.2,0.1875,,,2026-07-23T11:40:56.648476+00:00,0.175,-0.005,M1p250000,converged,3.3942947722651475e-11,40.0,1e-06,-725.1367415542787,189.54737792909705,0.0190619321125057,0.0732838809535004,3801.0,True,dense_kappa_q_campaign_v1_FINAL_FREEZE,retained_classical_supersonic,base_dense_campaign,/lustre/fswork/projects/rech/fdb/usv13rn/These_PINN_KH_RT/assets/classic_supersonic/dense_kappa_q_campaign_v1_FINAL_FREEZE/classical_supersonic_maps/classical_supersonic_dense_reference.csv,,,,,,M1.250000_a0.17500000,M1.250000_a0.17500000,0.315,,max_available_alpha_proxy,0.5555555555555555,test,False,,False
1.25,0.18,0.2579971403386434,0.0648851519298819,0.0116793273473787,3.913536161803677e-15,2.655861641720492e-15,4.7296264492777136e-15,True,log_ci,nominal,20.0,1.0,0.5,1e-09,1e-11,True,1.0,`gtol` termination condition is satisfied.,3,16,0,False,False,0.0006495577862326,0.2,0.2580617611666356,0.0649557786232648,2026-07-23T11:40:56.093970+00:00,continuation,,,,,,,,low,True,converged,0.18,0.185,-0.005,/lustre/fswork/projects/rech/fdb/usv13rn/These_PINN_KH_RT/classic_supersonic/data/spectral/supersonic_primary_modal_spectral_133pts.csv,1.2,0.1875,,,2026-07-23T11:40:56.106468+00:00,0.18,-0.005,M1p250000,converged,3.1494520770719336e-11,40.0,1e-06,-731.7798753388764,182.90358542857308,0.0188886543271647,0.0759615692874124,3801.0,True,dense_kappa_q_campaign_v1_FINAL_FREEZE,retained_classical_supersonic,base_dense_campaign,/lustre/fswork/projects/rech/fdb/usv13rn/These_PINN_KH_RT/assets/classic_supersonic/dense_kappa_q_campaign_v1_FINAL_FREEZE/classical_supersonic_maps/classical_supersonic_dense_reference.csv,,,,,,M1.250000_a0.18000000,M1.250000_a0.18000000,0.315,,max_available_alpha_proxy,0.5714285714285714,test,False,,False
1.25,0.185,0.2606507009450217,0.0625085633894292,0.0115640842270444,2.8449465006019636e-16,9.246076126956382e-16,9.673863981716928e-16,True,log_ci,nominal,20.0,1.0,0.5,1e-09,1e-11,True,1.0,`gtol` termination condition is satisfied.,4,21,0,False,False,0.0006131975065074,0.2,0.2619451708342147,0.061319750650747,2026-07-23T11:40:55.552131+00:00,continuation,,,,,,,,low,True,converged,0.185,0.1875,-0.0025,/lustre/fswork/projects/rech/fdb/usv13rn/These_PINN_KH_RT/classic_supersonic/data/spectral/supersonic_primary_modal_spectral_133pts.csv,1.2,0.1875,,,2026-07-23T11:40:55.566008+00:00,0.185,-0.0025,M1p250000,converged,3.6292265927640076e-11,40.0,1e-06,-740.0235041225868,176.6481608666818,0.0186779953335102,0.0786679410057227,3801.0,True,dense_kappa_q_campaign_v1_FINAL_FREEZE,retained_classical_supersonic,base_dense_campaign,/lustre/fswork/projects/rech/fdb/usv13rn/These_PINN_KH_RT/assets/classic_supersonic/dense_kappa_q_campaign_v1_FINAL_FREEZE/classical_supersonic_maps/classical_supersonic_dense_reference.csv,,,,,,M1.250000_a0.18500000,M1.250000_a0.18500000,0.315,,max_available_alpha_proxy,0.5873015873015873,test,False,,False
1.25,0.1875,0.2619451708342147,0.061319750650747,0.011497453247015,3.677613769070831e-16,8.933825901280557e-16,9.66116391895152e-16,True,log_ci,nominal,20.0,1.0,0.5,1e-09,1e-11,True,1.0,`gtol` termination condition is satisfied.,6,31,0,False,False,0.0006986588448643,0.2,0.2331694872807306,0.0698658844864319,2026-07-23T11:40:54.868091+00:00,anchor,/lustre/fswork/projects/rech/fdb/usv13rn/These_PINN_KH_RT/classic_supersonic/data/spectral/supersonic_primary_modal_spectral_133pts.csv,1.2,0.1875,0.2331694872807306,0.0698658844864319,0.05,56.753399191697504,anchor,True,anchor_converged,0.1875,0.1875,0.0,/lustre/fswork/projects/rech/fdb/usv13rn/These_PINN_KH_RT/classic_supersonic/data/spectral/supersonic_primary_modal_spectral_133pts.csv,1.2,0.1875,,,2026-07-23T11:40:54.877165+00:00,,,M1p250000,converged,4.144516014892242e-11,40.0,1e-06,-744.7763282223398,173.65595990422847,0.0185586733697973,0.0800318585868848,3801.0,True,dense_kappa_q_campaign_v1_FINAL_FREEZE,retained_classical_supersonic,base_dense_campaign,/lustre/fswork/projects/rech/fdb/usv13rn/These_PINN_KH_RT/assets/classic_supersonic/dense_kappa_q_campaign_v1_FINAL_FREEZE/classical_supersonic_maps/classical_supersonic_dense_reference.csv,,,,,,M1.250000_a0.18750000,M1.250000_a0.18750000,0.315,,max_available_alpha_proxy,0.5952380952380952,test,False,,False
1.25,0.19,0.2632188970998225,0.0601306305191653,0.0114248197986414,2.42861286636753e-16,1.0096090630185017e-15,1.038408428642582e-15,True,log_ci,nominal,20.0,1.0,0.5,1e-09,1e-11,True,1.0,`gtol` termination condition is satisfied.,4,21,0,False,False,0.0006131975065074,0.2,0.2619451708342147,0.061319750650747,2026-07-23T11:41:10.263479+00:00,continuation,,,,,,,,high,True,converged,0.19,0.1875,0.0025,/lustre/fswork/projects/rech/fdb/usv13rn/These_PINN_KH_RT/classic_supersonic/data/spectral/supersonic_primary_modal_spectral_133pts.csv,1.2,0.1875,,,2026-07-23T11:41:10.279681+00:00,0.19,0.0025,M1p250000,converged,5.0295817799337635e-11,40.0,1e-06,-749.9693611085345,170.74913939473478,0.0184300368259349,0.081402917676083,3801.0,True,dense_kappa_q_campaign_v1_FINAL_FREEZE,retained_classical_supersonic,base_dense_campaign,/lustre/fswork/projects/rech/fdb/usv13rn/These_PINN_KH_RT/assets/classic_supersonic/dense_kappa_q_campaign_v1_FINAL_FREEZE/classical_supersonic_maps/classical_supersonic_dense_reference.csv,,,,,,M1.250000_a0.19000000,M1.250000_a0.19000000,0.315,,max_available_alpha_proxy,0.6031746031746031,test,False,,False
1.25,0.195,0.2657063752620336,0.0577515784663902,0.0112615578009461,4.274358644806853e-15,3.9118014383277e-15,5.794163642609496e-15,True,log_ci,nominal,20.0,1.0,0.5,1e-09,1e-11,True,1.0,`gtol` termination condition is satisfied.,3,16,0,False,False,0.0005782112177278,0.2,0.265766349631038,0.0578211217727811,2026-07-23T11:41:10.818291+00:00,continuation,,,,,,,,high,True,converged,0.195,0.19,0.005,/lustre/fswork/projects/rech/fdb/usv13rn/These_PINN_KH_RT/classic_supersonic/data/spectral/supersonic_primary_modal_spectral_133pts.csv,1.2,0.1875,,,2026-07-23T11:41:10.832390+00:00,0.195,0.005,M1p250000,converged,7.923534769141702e-11,40.0,1e-06,-761.7450862143368,165.17793445327456,0.0181448616505029,0.0841664217076049,3801.0,True,dense_kappa_q_campaign_v1_FINAL_FREEZE,retained_classical_supersonic,base_dense_campaign,/lustre/fswork/projects/rech/fdb/usv13rn/These_PINN_KH_RT/assets/classic_supersonic/dense_kappa_q_campaign_v1_FINAL_FREEZE/classical_supersonic_maps/classical_supersonic_dense_reference.csv,,,,,,M1.250000_a0.19500000,M1.250000_a0.19500000,0.315,,max_available_alpha_proxy,0.6190476190476191,test,False,,False
1.25,0.2,0.2681174439846895,0.0553716212071203,0.011074324241424,1.0859368959614812e-14,1.7232743010353602e-14,2.0368930405446835e-14,True,log_ci,nominal,20.0,1.0,0.5,1e-09,1e-11,True,1.0,`gtol` termination condition is satisfied.,3,16,0,False,False,0.0005546665296144,0.2,0.2681938534242447,0.0554666529614486,2026-07-23T11:41:11.365279+00:00,continuation,,,,,,,,high,True,converged,0.2,0.195,0.005,/lustre/fswork/projects/rech/fdb/usv13rn/These_PINN_KH_RT/classic_supersonic/data/spectral/supersonic_primary_modal_spectral_133pts.csv,1.2,0.1875,,,2026-07-23T11:41:11.378758+00:00,0.2,0.005,M1p250000,converged,5.6717174800651505e-11,40.0,1e-06,-775.5086920727587,159.90892187637036,0.0178225539249549,0.086958376158888,3801.0,True,dense_kappa_q_campaign_v1_FINAL_FREEZE,retained_classical_supersonic,base_dense_campaign,/lustre/fswork/projects/rech/fdb/usv13rn/These_PINN_KH_RT/assets/classic_supersonic/dense_kappa_q_campaign_v1_FINAL_FREEZE/classical_supersonic_maps/classical_supersonic_dense_reference.csv,,,,,,M1.250000_a0.20000000,M1.250000_a0.20000000,0.315,,max_available_alpha_proxy,0.634920634920635,test,False,,False
1.25,0.205,0.2704561057382739,0.0529909624460815,0.0108631473014467,1.1129985821867194e-14,2.5547272630710438e-14,2.7866462338495918e-14,True,log_ci,nominal,20.0,1.0,0.5,1e-09,1e-11,True,1.0,`gtol` termination condition is satisfied.,3,16,0,False,False,0.0005308974259273,0.2,0.2705285127073454,0.0530897425927354,2026-07-23T11:41:11.914953+00:00,continuation,,,,,,,,high,True,converged,0.205,0.2,0.0049999999999999,/lustre/fswork/projects/rech/fdb/usv13rn/These_PINN_KH_RT/classic_supersonic/data/spectral/supersonic_primary_modal_spectral_133pts.csv,1.2,0.1875,,,2026-07-23T11:41:11.930143+00:00,0.205,0.0049999999999999,M1p250000,converged,4.615788176774433e-11,40.0,1e-06,-791.4540211884906,154.91901395299067,0.0174631991392322,0.0897787040391341,3801.0,True,dense_kappa_q_campaign_v1_FINAL_FREEZE,retained_classical_supersonic,base_dense_campaign,/lustre/fswork/projects/rech/fdb/usv13rn/These_PINN_KH_RT/assets/classic_supersonic/dense_kappa_q_campaign_v1_FINAL_FREEZE/classical_supersonic_maps/classical_supersonic_dense_reference.csv,,,,,,M1.250000_a0.20500000,M1.250000_a0.20500000,0.315,,max_available_alpha_proxy,0.6507936507936507,test,False,,False
1.25,0.21,0.2727260864318847,0.0506097964643259,0.0106280572575084,1.0678957718113224e-14,3.773370504944752e-14,3.9215719229716425e-14,True,log_ci,nominal,20.0,1.0,0.5,1e-09,1e-11,True,1.0,`gtol` termination condition is satisfied.,3,16,0,False,False,0.0005071265821274,0.2,0.2727947674918584,0.0507126582127404,2026-07-23T11:41:12.474847+00:00,continuation,,,,,,,,high,True,converged,0.21,0.205,0.005,/lustre/fswork/projects/rech/fdb/usv13rn/These_PINN_KH_RT/classic_supersonic/data/spectral/supersonic_primary_modal_spectral_133pts.csv,1.2,0.1875,,,2026-07-23T11:41:12.488761+00:00,0.21,0.005,M1p250000,converged,4.6214642605181775e-11,40.0,1e-06,-809.8188065725576,150.1874570390681,0.0170668842425232,0.0926273284224937,3801.0,True,dense_kappa_q_campaign_v1_FINAL_FREEZE,retained_classical_supersonic,base_dense_campaign,/lustre/fswork/projects/rech/fdb/usv13rn/These_PINN_KH_RT/assets/classic_supersonic/dense_kappa_q_campaign_v1_FINAL_FREEZE/classical_supersonic_maps/classical_supersonic_dense_reference.csv,,,,,,M1.250000_a0.21000000,M1.250000_a0.21000000,0.315,,max_available_alpha_proxy,0.6666666666666666,test,False,,False
1.25,0.215,0.2749308604524371,0.0482283089182875,0.0103690864174318,9.735268147181841e-15,6.602010604872532e-14,6.673402317096183e-14,True,log_ci,nominal,20.0,1.0,0.5,1e-09,1e-11,True,1.0,`gtol` termination condition is satisfied.,3,16,0,False,False,0.0004833562894364,0.2,0.2749960671254954,0.0483356289436464,2026-07-23T11:41:13.036970+00:00,continuation,,,,,,,,high,True,converged,0.215,0.21,0.005,/lustre/fswork/projects/rech/fdb/usv13rn/These_PINN_KH_RT/classic_supersonic/data/spectral/supersonic_primary_modal_spectral_133pts.csv,1.2,0.1875,,,2026-07-23T11:41:13.064105+00:00,0.215,0.005,M1p250000,converged,4.575590651283578e-11,40.0,1e-06,-830.893918579485,145.69543804560394,0.0166336977436628,0.095504172139464,3801.0,True,dense_kappa_q_campaign_v1_FINAL_FREEZE,retained_classical_supersonic,base_dense_campaign,/lustre/fswork/projects/rech/fdb/usv13rn/These_PINN_KH_RT/assets/classic_supersonic/dense_kappa_q_campaign_v1_FINAL_FREEZE/classical_supersonic_maps/classical_supersonic_dense_reference.csv,,,,,,M1.250000_a0.21500000,M1.250000_a0.21500000,0.315,,max_available_alpha_proxy,0.6825396825396826,test,False,,False
1.25,0.22,0.2770736728867821,0.0458466775087439,0.0100862690519236,8.687495167691852e-15,1.02022557069148e-13,1.0239177077878977e-13,True,log_ci,nominal,20.0,1.0,0.5,1e-09,1e-11,True,1.0,`gtol` termination condition is satisfied.,3,16,0,False,False,0.0004595888431911,0.2,0.2771356344729896,0.0459588843191123,2026-07-23T11:41:13.616748+00:00,continuation,,,,,,,,high,True,converged,0.22,0.215,0.005,/lustre/fswork/projects/rech/fdb/usv13rn/These_PINN_KH_RT/classic_supersonic/data/spectral/supersonic_primary_modal_spectral_133pts.csv,1.2,0.1875,,,2026-07-23T11:41:13.630379+00:00,0.22,0.005,M1p250000,converged,5.086352603384695e-11,40.0,1e-06,-855.036707793892,141.42591572375483,0.0161637297839035,0.0984091575273792,3801.0,True,dense_kappa_q_campaign_v1_FINAL_FREEZE,retained_classical_supersonic,base_dense_campaign,/lustre/fswork/projects/rech/fdb/usv13rn/These_PINN_KH_RT/assets/classic_supersonic/dense_kappa_q_campaign_v1_FINAL_FREEZE/classical_supersonic_maps/classical_supersonic_dense_reference.csv,,,,,,M1.250000_a0.22000000,M1.250000_a0.22000000,0.315,,max_available_alpha_proxy,0.6984126984126984,test,False,,False
1.25,0.225,0.2791575593044574,0.0434650724121115,0.0097796412927251,1.6951717807245362e-14,1.7022321052717617e-13,1.7106519850278085e-13,True,log_ci,nominal,20.0,1.0,0.5,1e-09,1e-11,True,1.0,`gtol` termination condition is satisfied.,3,16,0,False,False,0.0004358265686138,0.2,0.279216485321127,0.0435826568613885,2026-07-23T11:41:14.179181+00:00,continuation,,,,,,,,high,True,converged,0.225,0.22,0.005,/lustre/fswork/projects/rech/fdb/usv13rn/These_PINN_KH_RT/classic_supersonic/data/spectral/supersonic_primary_modal_spectral_133pts.csv,1.2,0.1875,,,2026-07-23T11:41:14.198342+00:00,0.225,0.005,M1p250000,converged,1.4621080123644208e-10,40.0,1e-06,-882.6884712166627,137.36342530087455,0.0156570721383607,0.1013422062144807,3801.0,True,dense_kappa_q_campaign_v1_FINAL_FREEZE,retained_classical_supersonic,base_dense_campaign,/lustre/fswork/projects/rech/fdb/usv13rn/These_PINN_KH_RT/assets/classic_supersonic/dense_kappa_q_campaign_v1_FINAL_FREEZE/classical_supersonic_maps/classical_supersonic_dense_reference.csv,,,,,,M1.250000_a0.22500000,M1.250000_a0.22500000,0.315,,max_available_alpha_proxy,0.7142857142857143,test,False,,False
1.25,0.23,0.2811853643047579,0.0410836573707542,0.0094492411952734,-1.3114509478384662e-15,2.624671313622429e-13,2.6247040775888136e-13,True,log_ci,nominal,20.0,1.0,0.5,1e-09,1e-11,True,1.0,`gtol` termination condition is satisfied.,3,16,0,False,False,0.000412071849575,0.2,0.2812414457221327,0.0412071849575094,2026-07-23T11:41:14.754054+00:00,continuation,,,,,,,,high,True,converged,0.23,0.225,0.005,/lustre/fswork/projects/rech/fdb/usv13rn/These_PINN_KH_RT/classic_supersonic/data/spectral/supersonic_primary_modal_spectral_133pts.csv,1.2,0.1875,,,2026-07-23T11:41:14.768182+00:00,0.23,0.005,M1p250000,converged,1.0738353116359806e-10,40.0,1e-06,-914.3978307135584,133.49387701606918,0.015113818457979,0.1043032395473117,3801.0,True,dense_kappa_q_campaign_v1_FINAL_FREEZE,retained_classical_supersonic,base_dense_campaign,/lustre/fswork/projects/rech/fdb/usv13rn/These_PINN_KH_RT/assets/classic_supersonic/dense_kappa_q_campaign_v1_FINAL_FREEZE/classical_supersonic_maps/classical_supersonic_dense_reference.csv,,,,,,M1.250000_a0.23000000,M1.250000_a0.23000000,0.315,,max_available_alpha_proxy,0.7301587301587302,test,False,,False
1.25,0.235,0.283159755764521,0.0387025891520861,0.0090951084507402,-1.3586354263850352e-14,4.279424037356705e-13,4.2815801982124134e-13,True,log_ci,nominal,20.0,1.0,0.5,1e-09,1e-11,True,1.0,`gtol` termination condition is satisfied.,3,16,0,False,False,0.0003883271807197,0.2,0.2832131693050584,0.0388327180719755,2026-07-23T11:41:15.322862+00:00,continuation,,,,,,,,high,True,converged,0.235,0.23,0.0049999999999999,/lustre/fswork/projects/rech/fdb/usv13rn/These_PINN_KH_RT/classic_supersonic/data/spectral/supersonic_primary_modal_spectral_133pts.csv,1.2,0.1875,,,2026-07-23T11:41:15.336593+00:00,0.235,0.0049999999999999,M1p250000,converged,7.966823596028018e-11,40.0,1e-06,-950.853002352921,129.80440438570116,0.0145340639557834,0.1072921775282208,3801.0,True,dense_kappa_q_campaign_v1_FINAL_FREEZE,retained_classical_supersonic,base_dense_campaign,/lustre/fswork/projects/rech/fdb/usv13rn/These_PINN_KH_RT/assets/classic_supersonic/dense_kappa_q_campaign_v1_FINAL_FREEZE/classical_supersonic_maps/classical_supersonic_dense_reference.csv,,,,,,M1.250000_a0.23500000,M1.250000_a0.23500000,0.315,,max_available_alpha_proxy,0.7460317460317459,test,True,3.0,False
1.25,0.24,0.2850832400495695,0.036322018907998,0.0087172845379195,-5.1625370645069785e-14,7.073820695868704e-13,7.09263400484788e-13,True,log_ci,nominal,20.0,1.0,0.5,1e-09,1e-11,True,1.0,`gtol` termination condition is satisfied.,3,16,0,False,False,0.0003645951950084,0.2,0.2851341472242841,0.0364595195008481,2026-07-23T11:41:15.899705+00:00,continuation,,,,,,,,high,True,converged,0.24,0.235,0.005,/lustre/fswork/projects/rech/fdb/usv13rn/These_PINN_KH_RT/classic_supersonic/data/spectral/supersonic_primary_modal_spectral_133pts.csv,1.2,0.1875,,,2026-07-23T11:41:15.913119+00:00,0.24,0.005,M1p250000,converged,5.753565136800938e-11,40.0,1e-06,-992.9270584170396,126.28327027339849,0.0139179057630466,0.1103089394379168,3801.0,True,dense_kappa_q_campaign_v1_FINAL_FREEZE,retained_classical_supersonic,base_dense_campaign,/lustre/fswork/projects/rech/fdb/usv13rn/These_PINN_KH_RT/assets/classic_supersonic/dense_kappa_q_campaign_v1_FINAL_FREEZE/classical_supersonic_maps/classical_supersonic_dense_reference.csv,,,,,,M1.250000_a0.24000000,M1.250000_a0.24000000,0.315,,max_available_alpha_proxy,0.7619047619047619,test,False,,False
1.25,0.245,0.2869581746370771,0.0339420919435546,0.0083158125261708,-1.2202738819411252e-13,1.1889803377962416e-12,1.1952258895855382e-12,True,log_ci,nominal,20.0,1.0,0.5,1e-09,1e-11,True,1.0,`gtol` termination condition is satisfied.,3,16,0,False,False,0.0003408787593947,0.2,0.2870067243346179,0.0340878759394797,2026-07-23T11:41:16.477189+00:00,continuation,,,,,,,,high,True,converged,0.245,0.24,0.005,/lustre/fswork/projects/rech/fdb/usv13rn/These_PINN_KH_RT/classic_supersonic/data/spectral/supersonic_primary_modal_spectral_133pts.csv,1.2,0.1875,,,2026-07-23T11:41:16.492354+00:00,0.245,0.005,M1p250000,converged,6.039140764109486e-11,40.0,1e-06,-1041.741594702688,122.91971053132016,0.013265442725721,0.1133534436495097,3801.0,True,dense_kappa_q_campaign_v1_FINAL_FREEZE,retained_classical_supersonic,base_dense_campaign,/lustre/fswork/projects/rech/fdb/usv13rn/These_PINN_KH_RT/assets/classic_supersonic/dense_kappa_q_campaign_v1_FINAL_FREEZE/classical_supersonic_maps/classical_supersonic_dense_reference.csv,,,,,,M1.250000_a0.24500000,M1.250000_a0.24500000,0.315,,max_available_alpha_proxy,0.7777777777777778,test,False,,False
1.25,0.25,0.2887867792820066,0.0315629485870253,0.0078907371467563,-2.5091040356528573e-13,2.049852475261016e-12,2.065151616940269e-12,True,log_ci,nominal,20.0,1.0,0.5,1e-09,1e-11,True,1.0,`gtol` termination condition is satisfied.,3,16,0,False,False,0.0003171810488901,0.2,0.2888331092245847,0.0317181048890163,2026-07-23T11:41:17.060745+00:00,continuation,,,,,,,,high,True,converged,0.25,0.245,0.005,/lustre/fswork/projects/rech/fdb/usv13rn/These_PINN_KH_RT/classic_supersonic/data/spectral/supersonic_primary_modal_spectral_133pts.csv,1.2,0.1875,,,2026-07-23T11:41:17.074581+00:00,0.25,0.005,M1p250000,converged,4.960243552139109e-11,40.0,1e-06,-1098.7595968640155,119.70384678588891,0.0125767756200288,0.1164256075056031,3801.0,True,dense_kappa_q_campaign_v1_FINAL_FREEZE,retained_classical_supersonic,base_dense_campaign,/lustre/fswork/projects/rech/fdb/usv13rn/These_PINN_KH_RT/assets/classic_supersonic/dense_kappa_q_campaign_v1_FINAL_FREEZE/classical_supersonic_maps/classical_supersonic_dense_reference.csv,,,,,,M1.250000_a0.25000000,M1.250000_a0.25000000,0.315,,max_available_alpha_proxy,0.7936507936507936,test,False,,False
1.25,0.255,0.2905711463289034,0.0291847237348504,0.0074421045523868,-5.603156827405087e-13,3.6222309873767963e-12,3.665311854431712e-12,True,log_ci,nominal,20.0,1.0,0.5,1e-09,1e-11,True,1.0,`gtol` termination condition is satisfied.,3,16,0,False,False,0.0002935056935099,0.2,0.290615383926936,0.0293505693509966,2026-07-23T11:41:17.641712+00:00,continuation,,,,,,,,high,True,converged,0.255,0.25,0.005,/lustre/fswork/projects/rech/fdb/usv13rn/These_PINN_KH_RT/classic_supersonic/data/spectral/supersonic_primary_modal_spectral_133pts.csv,1.2,0.1875,,,2026-07-23T11:41:17.655745+00:00,0.255,0.005,M1p250000,converged,1.6224644936256828e-10,40.0,1e-06,-1165.9235681911696,116.62660441699126,0.0118520068593006,0.1195253471710292,3801.0,True,dense_kappa_q_campaign_v1_FINAL_FREEZE,retained_classical_supersonic,base_dense_campaign,/lustre/fswork/projects/rech/fdb/usv13rn/These_PINN_KH_RT/assets/classic_supersonic/dense_kappa_q_campaign_v1_FINAL_FREEZE/classical_supersonic_maps/classical_supersonic_dense_reference.csv,,,,,,M1.250000_a0.25500000,M1.250000_a0.25500000,0.315,,max_available_alpha_proxy,0.8095238095238095,test,False,,False
1.25,0.26,0.2923132509359473,0.026807548410821,0.0069699625868134,-1.205410771198956e-12,6.6080725960593326e-12,6.717115345303577e-12,True,log_ci,nominal,20.0,1.0,0.5,1e-09,1e-11,True,1.0,`gtol` termination condition is satisfied.,3,16,0,False,False,0.0002698569486089,0.2,0.2923555133758003,0.0269856948608937,2026-07-23T11:41:18.235131+00:00,continuation,,,,,,,,high,True,converged,0.26,0.255,0.005,/lustre/fswork/projects/rech/fdb/usv13rn/These_PINN_KH_RT/classic_supersonic/data/spectral/supersonic_primary_modal_spectral_133pts.csv,1.2,0.1875,,,2026-07-23T11:41:18.249304+00:00,0.26,0.005,M1p250000,converged,8.072096500382796e-11,40.0,1e-06,-1245.8666198000742,113.67962111489076,0.0110912409999096,0.122652578276442,3801.0,True,dense_kappa_q_campaign_v1_FINAL_FREEZE,retained_classical_supersonic,base_dense_campaign,/lustre/fswork/projects/rech/fdb/usv13rn/These_PINN_KH_RT/assets/classic_supersonic/dense_kappa_q_campaign_v1_FINAL_FREEZE/classical_supersonic_maps/classical_supersonic_dense_reference.csv,,,,,,M1.250000_a0.26000000,M1.250000_a0.26000000,0.315,,max_available_alpha_proxy,0.8253968253968255,test,False,,False
1.25,0.265,0.2940149578459175,0.0244315481883399,0.00647436026991,-2.6133678554529638e-12,1.2532680622456828e-11,1.2802256642186939e-11,True,log_ci,nominal,20.0,1.0,0.5,1e-09,1e-11,True,1.0,`gtol` termination condition is satisfied.,3,16,0,False,False,0.000246240004986,0.2,0.2940553555429911,0.0246240004986017,2026-07-23T11:41:18.826077+00:00,continuation,,,,,,,,high,True,converged,0.265,0.26,0.005,/lustre/fswork/projects/rech/fdb/usv13rn/These_PINN_KH_RT/classic_supersonic/data/spectral/supersonic_primary_modal_spectral_133pts.csv,1.2,0.1875,,,2026-07-23T11:41:18.839528+00:00,0.265,0.005,M1p250000,converged,8.617517445647829e-11,40.0,1e-06,-1342.246757344364,110.85519183487511,0.0102945840049556,0.1258072146962435,3801.0,True,dense_kappa_q_campaign_v1_FINAL_FREEZE,retained_classical_supersonic,base_dense_campaign,/lustre/fswork/projects/rech/fdb/usv13rn/These_PINN_KH_RT/assets/classic_supersonic/dense_kappa_q_campaign_v1_FINAL_FREEZE/classical_supersonic_maps/classical_supersonic_dense_reference.csv,,,,,,M1.250000_a0.26500000,M1.250000_a0.26500000,0.315,,max_available_alpha_proxy,0.8412698412698413,test,False,,False
1.25,0.27,0.2956780307175911,0.0220568452413984,0.0059553482151775,-5.903763589110156e-12,2.4903837672618488e-11,2.5594053124509907e-11,True,log_ci,nominal,20.0,1.0,0.5,1e-09,1e-11,True,1.0,`gtol` termination condition is satisfied.,3,16,0,False,False,0.000222661370496,0.2,0.2957166647558877,0.0222661370496019,2026-07-23T11:41:19.420501+00:00,continuation,,,,,,,,high,True,converged,0.27,0.265,0.005,/lustre/fswork/projects/rech/fdb/usv13rn/These_PINN_KH_RT/classic_supersonic/data/spectral/supersonic_primary_modal_spectral_133pts.csv,1.2,0.1875,,,2026-07-23T11:41:19.435074+00:00,0.27,0.005,M1p250000,converged,7.272366707915489e-11,40.0,1e-06,-1460.2957711195422,108.14618954327196,0.0094621439657474,0.1289891696916257,3801.0,True,dense_kappa_q_campaign_v1_FINAL_FREEZE,retained_classical_supersonic,base_dense_campaign,/lustre/fswork/projects/rech/fdb/usv13rn/These_PINN_KH_RT/assets/classic_supersonic/dense_kappa_q_campaign_v1_FINAL_FREEZE/classical_supersonic_maps/classical_supersonic_dense_reference.csv,,,,,,M1.250000_a0.27000000,M1.250000_a0.27000000,0.315,,max_available_alpha_proxy,0.8571428571428572,test,False,,False
1.25,0.275,0.297304138291922,0.0196835569521715,0.0054129781618471,-1.3896980788352664e-11,5.254541159821491e-11,5.4352059345140365e-11,True,log_ci,nominal,20.0,1.0,0.5,1e-09,1e-11,True,1.0,`gtol` termination condition is satisfied.,3,16,0,False,False,0.0001991295918918,0.2,0.2973411035892646,0.0199129591891841,2026-07-23T11:41:20.023239+00:00,continuation,,,,,,,,high,True,converged,0.275,0.27,0.005,/lustre/fswork/projects/rech/fdb/usv13rn/These_PINN_KH_RT/classic_supersonic/data/spectral/supersonic_primary_modal_spectral_133pts.csv,1.2,0.1875,,,2026-07-23T11:41:20.037308+00:00,0.275,0.005,M1p250000,converged,9.894594759096759e-11,40.0,1e-06,-1607.7646422525725,105.54603137996278,0.0085940304222599,0.1321983552474487,3801.0,True,dense_kappa_q_campaign_v1_FINAL_FREEZE,retained_classical_supersonic,base_dense_campaign,/lustre/fswork/projects/rech/fdb/usv13rn/These_PINN_KH_RT/assets/classic_supersonic/dense_kappa_q_campaign_v1_FINAL_FREEZE/classical_supersonic_maps/classical_supersonic_dense_reference.csv,,,,,,M1.250000_a0.27500000,M1.250000_a0.27500000,0.315,,max_available_alpha_proxy,0.8730158730158731,test,False,,False
1.25,0.28,0.2988948614100279,0.0173117979143134,0.0048473034160077,-3.481309684971734e-11,1.1923097752164488e-10,1.2420941072654195e-10,True,log_ci,nominal,20.0,1.0,0.5,1e-09,1e-11,True,1.0,`gtol` termination condition is satisfied.,3,16,0,False,False,0.0001756563144226,0.2,0.298930245866253,0.0175656314422604,2026-07-23T11:41:20.629285+00:00,continuation,,,,,,,,high,True,converged,0.28,0.275,0.005,/lustre/fswork/projects/rech/fdb/usv13rn/These_PINN_KH_RT/classic_supersonic/data/spectral/supersonic_primary_modal_spectral_133pts.csv,1.2,0.1875,,,2026-07-23T11:41:20.643082+00:00,0.28,0.005,M1p250000,converged,1.7072489898371739e-10,40.0,1e-06,-1796.6427009948216,103.04861261309972,0.0076903551147385,0.1354346826051492,3801.0,True,dense_kappa_q_campaign_v1_FINAL_FREEZE,retained_classical_supersonic,base_dense_campaign,/lustre/fswork/projects/rech/fdb/usv13rn/These_PINN_KH_RT/assets/classic_supersonic/dense_kappa_q_campaign_v1_FINAL_FREEZE/classical_supersonic_maps/classical_supersonic_dense_reference.csv,,,,,,M1.250000_a0.28000000,M1.250000_a0.28000000,0.315,,max_available_alpha_proxy,0.888888888888889,test,False,,False
1.25,0.285,0.3004516982633556,0.0149416772739879,0.0042583780230865,-1.4238610290817633e-14,3.46827601360733e-14,3.749175740973172e-14,True,log_ci,nominal,20.0,1.0,0.5,1e-09,1e-11,True,1.0,`gtol` termination condition is satisfied.,4,21,0,False,False,0.0001522582263735,0.2,0.3004855845281338,0.0152258226373544,2026-07-23T11:41:21.416326+00:00,continuation,,,,,,,,high,True,converged,0.285,0.28,0.0049999999999999,/lustre/fswork/projects/rech/fdb/usv13rn/These_PINN_KH_RT/classic_supersonic/data/spectral/supersonic_primary_modal_spectral_133pts.csv,1.2,0.1875,,,2026-07-23T11:41:21.430607+00:00,0.285,0.0049999999999999,M1p250000,converged,6.978337741738587e-11,40.0,1e-06,-2046.509081962013,100.64826723476816,0.0067512307210474,0.1386980616859756,3801.0,True,dense_kappa_q_campaign_v1_FINAL_FREEZE,retained_classical_supersonic,base_dense_campaign,/lustre/fswork/projects/rech/fdb/usv13rn/These_PINN_KH_RT/assets/classic_supersonic/dense_kappa_q_campaign_v1_FINAL_FREEZE/classical_supersonic_maps/classical_supersonic_dense_reference.csv,,,,,,M1.250000_a0.28500000,M1.250000_a0.28500000,0.315,,max_available_alpha_proxy,0.9047619047619048,test,False,,False
1.25,0.29,0.301976070174441,0.01257330296774,0.0036462578606446,-4.288236432614667e-15,2.2027518697953496e-14,2.244104613628105e-14,True,log_ci,nominal,20.0,1.0,0.5,1e-09,1e-11,True,1.0,`gtol` termination condition is satisfied.,4,21,0,False,False,0.0001289604470113,0.2,0.3020085351166834,0.0128960447011352,2026-07-23T11:41:22.220202+00:00,continuation,,,,,,,,high,True,converged,0.29,0.285,0.005,/lustre/fswork/projects/rech/fdb/usv13rn/These_PINN_KH_RT/classic_supersonic/data/spectral/supersonic_primary_modal_spectral_133pts.csv,1.2,0.1875,,,2026-07-23T11:41:22.313111+00:00,0.29,0.005,M1p250000,converged,1.754080428767893e-11,40.0,1e-06,-2391.661118693248,98.33973624274498,0.0057767726315161,0.1419884016358887,3801.0,True,dense_kappa_q_campaign_v1_FINAL_FREEZE,retained_classical_supersonic,base_dense_campaign,/lustre/fswork/projects/rech/fdb/usv13rn/These_PINN_KH_RT/assets/classic_supersonic/dense_kappa_q_campaign_v1_FINAL_FREEZE/classical_supersonic_maps/classical_supersonic_dense_reference.csv,,,,,,M1.250000_a0.29000000,M1.250000_a0.29000000,0.315,,max_available_alpha_proxy,0.9206349206349206,test,True,4.0,False
1.25,0.295,0.3034693255859127,0.0102067782825361,0.0030109995933481,8.248957072964913e-14,-1.7680735348024612e-14,8.436312987086642e-14,True,log_ci,nominal,20.0,1.0,0.5,1e-09,1e-11,True,1.0,`gtol` termination condition is satisfied.,4,21,0,False,False,0.0001058033476561,0.2,0.3035004420855264,0.0105803347656154,2026-07-23T11:41:23.112257+00:00,continuation,,,,,,,,high,True,converged,0.295,0.29,0.005,/lustre/fswork/projects/rech/fdb/usv13rn/These_PINN_KH_RT/classic_supersonic/data/spectral/supersonic_primary_modal_spectral_133pts.csv,1.2,0.1875,,,2026-07-23T11:41:23.126936+00:00,0.295,0.005,M1p250000,converged,4.1007896584602574e-10,40.0,1e-06,-2898.137427898807,96.11812691310678,0.00476709733167,0.1453056099890755,3801.0,True,dense_kappa_q_campaign_v1_FINAL_FREEZE,retained_classical_supersonic,base_dense_campaign,/lustre/fswork/projects/rech/fdb/usv13rn/These_PINN_KH_RT/assets/classic_supersonic/dense_kappa_q_campaign_v1_FINAL_FREEZE/classical_supersonic_maps/classical_supersonic_dense_reference.csv,,,,,,M1.250000_a0.29500000,M1.250000_a0.29500000,0.315,,max_available_alpha_proxy,0.9365079365079364,test,False,,False
1.25,0.3,0.3049327484297222,0.0078422021255374,0.0023526606376612,1.40165656858926e-14,8.721755956342392e-15,1.6508577788196534e-14,True,log_ci,nominal,20.0,1.0,0.5,1e-09,1e-11,True,1.0,`gtol` termination condition is satisfied.,4,21,0,False,False,8.285676657609154e-05,0.2,0.3049625809973844,0.0082856766576091,2026-07-23T11:41:23.935170+00:00,continuation,,,,,,,,high,True,converged,0.3,0.295,0.005,/lustre/fswork/projects/rech/fdb/usv13rn/These_PINN_KH_RT/classic_supersonic/data/spectral/supersonic_primary_modal_spectral_133pts.csv,1.2,0.1875,,,2026-07-23T11:41:23.948061+00:00,0.3,0.005,M1p250000,converged,4.7156551818607636e-11,40.0,1e-06,-3711.477901108512,93.9788799714303,0.0037223223733993,0.1486495952410634,3801.0,True,dense_kappa_q_campaign_v1_FINAL_FREEZE,retained_classical_supersonic,base_dense_campaign,/lustre/fswork/projects/rech/fdb/usv13rn/These_PINN_KH_RT/assets/classic_supersonic/dense_kappa_q_campaign_v1_FINAL_FREEZE/classical_supersonic_maps/classical_supersonic_dense_reference.csv,,,,,,M1.250000_a0.30000000,M1.250000_a0.30000000,0.315,,max_available_alpha_proxy,0.9523809523809524,test,False,,False
1.25,0.305,0.3063675554095615,0.0054796730125314,0.001671300268822,-6.364214710785636e-13,1.3471552432614553e-12,1.4899193059681566e-12,True,log_ci,nominal,20.0,1.0,0.5,1e-09,1e-11,True,1.0,`gtol` termination condition is satisfied.,4,21,0,False,False,6.025420801293561e-05,0.2,0.3063961712735316,0.0060254208012935,2026-07-23T11:41:24.764221+00:00,continuation,,,,,,,,high,True,converged,0.305,0.3,0.005,/lustre/fswork/projects/rech/fdb/usv13rn/These_PINN_KH_RT/classic_supersonic/data/spectral/supersonic_primary_modal_spectral_133pts.csv,1.2,0.1875,,,2026-07-23T11:41:24.787846+00:00,0.305,0.005,M1p250000,converged,1.4123567497578298e-10,40.0,1e-06,-5227.840435050065,91.91774562973558,0.0026425681726211,0.1520202625313832,3801.0,True,dense_kappa_q_campaign_v1_FINAL_FREEZE,retained_classical_supersonic,base_dense_campaign,/lustre/fswork/projects/rech/fdb/usv13rn/These_PINN_KH_RT/assets/classic_supersonic/dense_kappa_q_campaign_v1_FINAL_FREEZE/classical_supersonic_maps/classical_supersonic_dense_reference.csv,,,,,,M1.250000_a0.30500000,M1.250000_a0.30500000,0.315,,max_available_alpha_proxy,0.9682539682539684,test,False,,False
1.25,0.31,0.3077749038212455,0.0031192823853664,0.0009669775394635,-1.3379931884660579e-10,2.9019942872354765e-10,3.1955901826624925e-10,True,log_ci,nominal,20.0,1.0,0.5,1e-09,1e-11,True,1.0,`gtol` termination condition is satisfied.,4,21,0,False,False,3.828875594329028e-05,0.2,0.3078023623894009,0.003828875594329,2026-07-23T11:41:25.621248+00:00,continuation,,,,,,,,high,True,converged,0.31,0.305,0.005,/lustre/fswork/projects/rech/fdb/usv13rn/These_PINN_KH_RT/classic_supersonic/data/spectral/supersonic_primary_modal_spectral_133pts.csv,1.2,0.1875,,,2026-07-23T11:41:25.635848+00:00,0.31,0.005,M1p250000,converged,1.6465964300551863e-09,40.0,1e-06,-9041.187962154218,89.9307563757724,0.0015279547300348,0.1554175159935803,3801.0,True,dense_kappa_q_campaign_v1_FINAL_FREEZE,retained_classical_supersonic,base_dense_campaign,/lustre/fswork/projects/rech/fdb/usv13rn/These_PINN_KH_RT/assets/classic_supersonic/dense_kappa_q_campaign_v1_FINAL_FREEZE/classical_supersonic_maps/classical_supersonic_dense_reference.csv,,,,,,M1.250000_a0.31000000,M1.250000_a0.31000000,0.315,,max_available_alpha_proxy,0.984126984126984,test,False,,False
1.25,0.315,0.3091557589953352,0.0007606930795383,0.0002396183200545,-1.982315700477244e-11,3.692435354869794e-13,1.9826595633753105e-11,True,linear_ci,nominal,20.0,1.0,0.5,1e-09,1e-11,True,1.0,`gtol` termination condition is satisfied.,3,16,0,False,False,1e-12,0.0758891758201433,0.3091822522329295,0.0007588917582014,2026-07-23T11:41:26.304778+00:00,continuation,,,,,,,,high,True,converged,0.315,0.31,0.005,/lustre/fswork/projects/rech/fdb/usv13rn/These_PINN_KH_RT/classic_supersonic/data/spectral/supersonic_primary_modal_spectral_133pts.csv,1.2,0.1875,,,2026-07-23T11:41:26.319076+00:00,0.315,0.005,M1p250000,converged,2.478832652996116e-07,40.0,1e-06,-36507.46053265839,88.01425482578756,0.0003783917213335,0.1588411659575399,3801.0,True,dense_kappa_q_campaign_v1_FINAL_FREEZE,retained_classical_supersonic,base_dense_campaign,/lustre/fswork/projects/rech/fdb/usv13rn/These_PINN_KH_RT/assets/classic_supersonic/dense_kappa_q_campaign_v1_FINAL_FREEZE/classical_supersonic_maps/classical_supersonic_dense_reference.csv,,,,,,M1.250000_a0.31500000,M1.250000_a0.31500000,0.315,,max_available_alpha_proxy,1.0,test,False,,False
